1 1
1000 1000 1000
490 490 
490 491 
490 493 
490 495 
490 496 
490 498 
490 500 
490 502 
490 503 
490 504 
490 507 
491 490 
491 491 
491 492 
491 496 
491 498 
491 499 
491 500 
491 504 
491 505 
491 506 
492 491 
492 492 
492 493 
492 497 
492 498 
492 499 
492 501 
492 503 
492 504 
492 505 
492 506 
492 509 
493 490 
493 491 
493 493 
493 494 
493 495 
493 496 
493 497 
493 499 
493 501 
493 502 
493 503 
493 504 
493 506 
493 507 
493 508 
493 509 
494 492 
494 493 
494 494 
494 498 
494 499 
494 504 
494 506 
494 507 
495 490 
495 496 
495 498 
495 500 
495 501 
495 504 
495 505 
495 506 
495 509 
496 490 
496 491 
496 493 
496 494 
496 495 
496 497 
496 499 
496 501 
496 507 
496 508 
497 491 
497 492 
497 493 
497 495 
497 496 
497 498 
497 499 
497 500 
497 502 
497 503 
497 505 
497 509 
498 494 
498 495 
498 496 
498 497 
498 499 
498 500 
498 501 
498 503 
498 504 
498 508 
499 492 
499 493 
499 495 
499 496 
499 499 
499 503 
500 493 
500 495 
500 497 
500 499 
500 500 
500 502 
500 503 
500 505 
500 509 
501 491 
501 492 
501 493 
501 494 
501 495 
501 498 
501 500 
501 502 
501 505 
501 506 
501 507 
501 508 
502 494 
502 495 
502 496 
502 497 
502 498 
502 506 
503 491 
503 492 
503 494 
503 496 
503 497 
503 499 
503 502 
503 503 
503 507 
503 509 
504 491 
504 492 
504 494 
504 498 
504 499 
504 500 
504 505 
504 506 
504 508 
504 509 
505 491 
505 492 
505 494 
505 495 
505 498 
505 499 
505 501 
505 502 
505 503 
505 505 
505 508 
505 509 
506 491 
506 494 
506 495 
506 497 
506 500 
506 501 
506 503 
506 507 
506 508 
507 492 
507 493 
507 494 
507 495 
507 496 
507 498 
507 499 
507 500 
507 502 
507 503 
507 504 
507 506 
507 507 
508 502 
508 503 
508 504 
508 507 
508 508 
509 490 
509 495 
509 497 
509 498 
509 499 
509 500 
509 501 
509 503 
509 505 
509 508 
